model_name
Model_16.02
datafile_name
../dat/pm2016_0.5m.dat
selchng_filename
../dat/Selchng.dat
control_filename
../16.02/pm.ctl
Alt_MSY_File
../dat/pm_fmsy_alt.dat
Cov_Filename
../dat/covN2016.dat
Wtage_file
../dat/wt.dat
RawSurveyCPUE_file
../dat/surveycpue.dat
endyrn_file
../dat/endyrn_est.dat
DoCovBTS
0
SrType
1
Do_Combined
0
use_age_err
0
use_age1_eit
1
age1_sigma_eit
1
mina_eit
2
use_endyr_len
0
use_popwts_ssb
0
natmortprior
0.3
cvnatmortprior
0.1
natmort_in
 0.9 0.45 0.3 0.3 0.3 0.3 0.3 0.3 0.3 0.3 0.3 0.3 0.3 0.3 0.3
q_all_prior
0
q_all_sigma
2
q_bts_prior
0
q_bts_sigma
2
sigrprior
0.9
cvsigrprior
0.2
phase_sigr
-6
steepnessprior
0.6
cvsteepnessprior
0.12
phase_steepness
5
use_spr_msy_pen
0
sigma_spr_msy
0.16
lambda_spr_msy
19.5312
nyrs_future
5
next_yrs_catch
1110
fixed_catch_fut1
0
fixed_catch_fut2
900
fixed_catch_fut3
1000
nyrs_sel_avg
6
phase_F40
6
robust_phase
1350
phase_logist_fsh
-1
phase_logist_bts
2
phase_seldevs_bts
5
last_age_sel_group_fsh
6
last_age_sel_group_bts
8
last_age_sel_group_eit
8
ctrl_flag
 200 1 1 1 1 1 1 1 1 1 1 1 12.5 1 1 1 1 1 1 3.125 5 0.1 5 1 0 -1 -3 0 2 1
sel_dev_shift
0
nages
15
recage
1
endyr
2016
p_mature
 0 0.004 0.1445 0.3205 0.421 0.4505 0.4735 0.4815 0.485 0.5 0.5 0.5 0.5 0.5 0.5
obs_catch
 174.792 230.551 261.678 550.362 702.181 862.789 1256.57 1743.76 1874.53 1758.92 1588.39 1356.74 1177.82 978.37 979.431 935.714 958.28 973.502 955.964 981.45 1092.06 1139.68 1141.99 859.416 1228.72 1229.6 1455.19 1195.61 1390.33 1326.6 1329.35 1264.24 1192.78 1124.43 1101.17 989.816 1132.71 1387.19 1480.19 1490.9 1480.54 1483.29 1486.44 1354.1 990.566 807.947 810.215 1199.07 1205.53 1270.75 1297.85 1322.31 1343.47
wt_fsh
 0.0066 0.17 0.303 0.447 0.589 0.722 0.84 0.942 1.029 1.102 1.163 1.212 1.253 1.286 1.312
 0.0066 0.17 0.303 0.447 0.589 0.722 0.84 0.942 1.029 1.102 1.163 1.212 1.253 1.286 1.312
 0.0066 0.17 0.303 0.447 0.589 0.722 0.84 0.942 1.029 1.102 1.163 1.212 1.253 1.286 1.312
 0.0066 0.17 0.303 0.447 0.589 0.722 0.84 0.942 1.029 1.102 1.163 1.212 1.253 1.286 1.312
 0.0066 0.17 0.303 0.447 0.589 0.722 0.84 0.942 1.029 1.102 1.163 1.212 1.253 1.286 1.312
 0.0066 0.17 0.303 0.447 0.589 0.722 0.84 0.942 1.029 1.102 1.163 1.212 1.253 1.286 1.312
 0.0066 0.17 0.303 0.447 0.589 0.722 0.84 0.942 1.029 1.102 1.163 1.212 1.253 1.286 1.312
 0.0066 0.17 0.303 0.447 0.589 0.722 0.84 0.942 1.029 1.102 1.163 1.212 1.253 1.286 1.312
 0.0066 0.17 0.303 0.447 0.589 0.722 0.84 0.942 1.029 1.102 1.163 1.212 1.253 1.286 1.312
 0.0066 0.17 0.303 0.447 0.589 0.722 0.84 0.942 1.029 1.102 1.163 1.212 1.253 1.286 1.312
 0.0066 0.17 0.303 0.447 0.589 0.722 0.84 0.942 1.029 1.102 1.163 1.212 1.253 1.286 1.312
 0.0066 0.17 0.303 0.447 0.589 0.722 0.84 0.942 1.029 1.102 1.163 1.212 1.253 1.286 1.312
 0.0066 0.17 0.303 0.447 0.589 0.722 0.84 0.942 1.029 1.102 1.163 1.212 1.253 1.286 1.312
 0.0066 0.17 0.303 0.447 0.589 0.722 0.84 0.942 1.029 1.102 1.163 1.212 1.253 1.286 1.312
 0.0066 0.17 0.303 0.447 0.589 0.722 0.84 0.942 1.029 1.102 1.163 1.212 1.253 1.286 1.312
 0.0066 0.17 0.303 0.447 0.589 0.722 0.84 0.942 1.029 1.102 1.163 1.212 1.253 1.286 1.312
 0.0066 0.17 0.303 0.447 0.589 0.722 0.84 0.942 1.029 1.102 1.163 1.212 1.253 1.286 1.312
 0.0066 0.17 0.303 0.447 0.589 0.722 0.84 0.942 1.029 1.102 1.163 1.212 1.253 1.286 1.312
 0.0066 0.17 0.303 0.447 0.589 0.722 0.84 0.942 1.029 1.102 1.163 1.212 1.253 1.286 1.312
 0.0066 0.17 0.303 0.447 0.589 0.722 0.84 0.942 1.029 1.102 1.163 1.212 1.253 1.286 1.312
 0.0066 0.17 0.303 0.447 0.589 0.722 0.84 0.942 1.029 1.102 1.163 1.212 1.253 1.286 1.312
 0.0066 0.17 0.303 0.447 0.589 0.722 0.84 0.942 1.029 1.102 1.163 1.212 1.253 1.286 1.312
 0.0066 0.17 0.303 0.447 0.589 0.722 0.84 0.942 1.029 1.102 1.163 1.212 1.253 1.286 1.312
 0.0066 0.17 0.303 0.447 0.589 0.722 0.84 0.942 1.029 1.102 1.163 1.212 1.253 1.286 1.312
 0.0066 0.17 0.303 0.447 0.589 0.722 0.84 0.942 1.029 1.102 1.163 1.212 1.253 1.286 1.312
 0.0066 0.17 0.303 0.447 0.589 0.722 0.84 0.942 1.029 1.102 1.163 1.212 1.253 1.286 1.312
 0.0066 0.17 0.303 0.447 0.589 0.722 0.84 0.942 1.029 1.102 1.163 1.212 1.253 1.286 1.312
 0.0066 0.149613 0.287074 0.478518 0.607784 0.726999 0.848165 0.886708 1.00604 1.12651 1.12472 1.23728 1.24166 1.27866 1.24356
 0.0066 0.179094 0.397925 0.468366 0.645403 0.712344 0.814453 0.983014 1.02772 1.22445 1.23385 1.26981 1.17518 1.35258 1.44129
 0.0066 0.33131 0.494586 0.612874 0.656368 0.772306 0.929931 1.04311 1.19617 1.22962 1.40652 1.54794 1.64962 1.68839 1.63529
 0.0066 0.233091 0.394467 0.648722 0.729957 0.746092 0.705642 1.00956 1.39214 1.31978 1.33861 1.41708 1.37351 1.30966 1.38611
 0.0066 0.15348 0.375412 0.501508 0.729554 0.843459 0.855931 0.972505 1.22439 1.33773 1.41273 1.49661 1.39474 1.21192 1.36327
 0.0066 0.292889 0.322192 0.428131 0.679651 0.789922 0.946082 0.948793 1.02125 1.08996 1.40326 1.49709 1.53918 1.75043 1.53592
 0.0066 0.187184 0.323496 0.466411 0.553658 0.741886 0.888367 1.07108 1.08808 1.2395 1.41048 1.47338 1.72369 1.45773 1.42339
 0.0066 0.190536 0.371511 0.58763 0.626816 0.623144 0.778748 1.03409 1.17723 1.24278 1.2938 1.41663 1.55921 1.55589 1.71989
 0.0066 0.187805 0.400215 0.502208 0.637934 0.701072 0.726668 0.901184 1.03937 1.27231 1.20728 1.41536 1.16415 1.14116 1.31888
 0.0066 0.217708 0.351379 0.523836 0.629775 0.731651 0.78234 0.804874 0.971533 1.01819 1.26801 1.31717 1.31953 1.6654 1.73756
 0.0065 0.226725 0.323524 0.496699 0.669171 0.786974 0.962777 0.995093 1.06183 1.13708 1.32711 1.45139 1.58479 1.46591 1.66494
 0.0067 0.231265 0.380427 0.508198 0.669378 0.795468 0.908252 1.02397 1.11656 1.09582 1.3001 1.43006 1.61124 1.3193 1.63589
 0.0065 0.27607 0.484263 0.550356 0.649823 0.767508 0.861994 0.954343 1.08514 1.22447 1.21338 1.2265 1.44509 1.34027 1.72066
 0.0067 0.134785 0.403671 0.580429 0.639829 0.769854 0.890418 0.928496 1.02585 1.20669 1.15885 1.17852 1.35115 1.29176 1.23231
 0.0066 0.282639 0.352664 0.50691 0.638784 0.738805 0.879752 0.948492 1.06286 1.09407 1.26723 1.31173 1.31338 1.16394 1.41932
 0.0066 0.174065 0.304828 0.448035 0.603781 0.753786 0.854529 0.957879 1.05549 1.12628 1.21862 1.28309 1.30578 1.39888 1.45343
 0.00663333 0.154728 0.338274 0.509446 0.641807 0.781609 0.959751 1.10354 1.19585 1.27629 1.32841 1.51617 1.41552 1.76814 1.53197
 0.00661111 0.207633 0.328895 0.520902 0.651869 0.772201 0.899392 1.04181 1.11391 1.20413 1.30906 1.4044 1.51342 1.59903 1.50567
 0.00660444 0.135797 0.345015 0.548067 0.686653 0.891986 1.01991 1.15277 1.40716 1.48603 1.63552 1.63743 1.81683 2.17644 2.29226
 0.0497677 0.174856 0.37855 0.488982 0.665346 0.915558 1.10699 1.25507 1.34221 1.59498 1.61349 1.84448 1.9446 2.04919 2.19745
 0.0306882 0.204737 0.289788 0.50813 0.66565 0.806938 0.97271 1.22168 1.33739 1.50685 1.57819 1.61416 2.11355 1.73104 2.26011
 0.0290201 0.141973 0.270712 0.409849 0.641391 0.824416 0.973292 1.17329 1.30725 1.52256 1.61447 1.64771 1.72127 2.01961 2.1049
 0.0949551 0.14394 0.290455 0.44263 0.565905 0.782736 1.11725 1.27497 1.42942 1.70185 1.84966 1.81874 1.93516 2.11544 2.07088
 0.0143426 0.19287 0.348535 0.503953 0.642782 0.761255 0.88899 1.03143 1.14146 1.25062 1.34329 1.43732 1.49903 1.49365 1.54854
 0.0251823 0.181324 0.324772 0.48869 0.640397 0.802929 0.967257 1.11609 1.2393 1.37637 1.47579 1.55152 1.65785 1.75154 1.83845
 0.0251823 0.181324 0.324772 0.48869 0.640397 0.802929 0.967257 1.11609 1.2393 1.37637 1.47579 1.55152 1.65785 1.75154 1.83845
obs_effort
 0.56385 0.38425 0.35362 0.67946 0.62695 0.60335 1.03848 1.55693 1.5365 1.72443 1.57266 1.49092 1.28024 1.52695 1.52195 1.51952 1.48537 1.48537 1.48537 1.48537 1.48537 1.48537 1.48537 1.48537 1.48537 1.48537 1.48537 1.48537 1.48537 1.48537 1.48537 1.48537 1.48537 1.48537 1.48537 1.48537 1.48537 1.48537 1.48537 1.5 1.5 1.5 1.5 1.5 1.5 1.5 1.5 1.5 1.5 1.5 1.5 1.5 1.5
n_cpue
12
obs_cpue
 2816.44 3473.58 3802.17 5257.3 6712.47 5679.81 5257.33 5726.74 4787.92 4740.99 4271.57 4318.52
obs_cpue_std
 563.287 694.716 760.434 1051.46 1342.49 1135.96 1051.47 1145.35 957.585 948.199 854.315 863.705
n_avo
10
yrs_avo
 2006 2007 2008 2009 2010 2011 2012 2013 2014 2015
obs_avo
 0.55495 0.637878 0.31632 0.284835 0.678692 0.543386 0.660614 0.695718 0.899758 0.953229
wt_avo
 0.0193808 0.10146 0.244145 0.378146 0.526992 0.652067 0.763604 0.846668 0.93352 0.971437 1.00115 1.14953 1.21169 1.28105 1.17992
 0.0184956 0.0871934 0.279247 0.437188 0.582489 0.686632 0.788236 0.871 0.9701 1.10271 1.10567 1.23695 1.23549 1.74946 1.23063
 0.0225536 0.0835334 0.213971 0.406608 0.575801 0.689063 0.805223 0.981971 0.96832 1.26256 1.24721 1.24665 1.38971 1.63803 1.24697
 0.02032 0.108501 0.241959 0.416451 0.646619 0.785333 0.950143 1.03062 1.06402 1.32836 1.32654 1.54704 1.55659 1.53682 1.74372
 0.0316891 0.117343 0.221258 0.441148 0.565233 0.721913 0.936799 1.33656 1.57448 1.62244 1.69253 1.89536 1.927 1.94145 1.96177
 0.0293756 0.106631 0.208973 0.408413 0.548858 0.705861 0.88747 1.13247 1.42204 1.44477 1.51042 1.64155 1.69417 1.8531 1.85972
 0.0270621 0.0959196 0.196688 0.375679 0.532484 0.689809 0.83814 0.928383 1.2696 1.26711 1.32831 1.38774 1.46134 1.76474 1.75766
 0.0293756 0.106631 0.208973 0.408413 0.548858 0.705861 0.88747 1.13247 1.42204 1.44477 1.51042 1.64155 1.69417 1.8531 1.85972
 0.0252254 0.134561 0.223625 0.394297 0.547276 0.694534 0.762828 0.997098 1.14201 1.26636 1.44411 1.711 1.90302 1.79456 1.77669
 0.0226639 0.0763707 0.206287 0.388882 0.574371 0.627038 0.805764 0.940941 1.04594 1.06551 1.30556 1.60991 1.41157 1.61146 2.22002
yrs_fsh_data
 1964 1965 1966 1967 1968 1969 1970 1971 1972 1973 1974 1975 1976 1977 1978 1979 1980 1981 1982 1983 1984 1985 1986 1987 1988 1989 1990 1991 1992 1993 1994 1995 1996 1997 1998 1999 2000 2001 2002 2003 2004 2005 2006 2007 2008 2009 2010 2011 2012 2013 2014 2015
yrs_bts_data
 1982 1983 1984 1985 1986 1987 1988 1989 1990 1991 1992 1993 1994 1995 1996 1997 1998 1999 2000 2001 2002 2003 2004 2005 2006 2007 2008 2009 2010 2011 2012 2013 2014 2015 2016
yrs_eit_data
 1994 1996 1997 1999 2000 2002 2004 2006 2007 2008 2009 2010 2012 2014 2016
sam_fsh
 10 10 10 10 10 10 10 10 10 10 10 10 10 10 50 50 50 50 50 50 50 50 50 50 50 50 50 173 200 272 107 137 148 256 269 455 452 291 435 389 332 398 328 408 340 350 350 350 350 350 350 350
sam_bts
 100 100 100 100 100 100 100 100 100 100 100 100 100 100 100 100 100 100 100 100 100 100 100 100 100 100 100 100 100 100 100 100 100 100 100
sam_eit
 46 34 52 74 77 76 84 63 63 60 50 50 50 50 20
oac_fsh_data
 0.025321 0.105571 0.165563 0.193611 0.095442 0.268407 0.120764 0.025321 0 0 0 0 0 0 0
 0.01417 0.015327 0.204164 0.550318 0.13476 0.033545 0.032389 0.015327 0 0 0 0 0 0 0
 0.028428 0.168302 0.057358 0.420126 0.264906 0.024151 0.026415 0.010314 0 0 0 0 0 0 0
 0.009467 0.110178 0.577515 0.087692 0.16 0.037988 0.011479 0.00568 0 0 0 0 0 0 0
 0.032939 0.178617 0.140218 0.468517 0.10737 0.030573 0.036579 0.005187 0 0 0 0 0 0 0
 0.014678 0.079766 0.459233 0.315684 0.10843 0.002305 0.012142 0.007761 0 0 0 0 0 0 0
 0.156762 0.238147 0.374263 0.176699 0.034247 0.011143 0.005571 0.003168 0 0 0 0 0 0 0
 0.165462 0.049415 0.27603 0.185287 0.274689 0.026683 0.017515 0.004919 0 0 0 0 0 0 0
 0.031428 0.151596 0.349715 0.280079 0.117347 0.046028 0.017471 0.006335 0 0 0 0 0 0 0
 0.011129 0.100338 0.121466 0.264054 0.202123 0.13807 0.076822 0.055643 0.024972 0.004498 0.000566 0.00015 3.25e-05 0.000138 0
 0.024247 0.527279 0.194871 0.055427 0.074453 0.040192 0.025745 0.02169 0.021289 0.008954 0.003638 0.00095 0.000948 0.000169 0.000147
 0.008543 0.150288 0.691843 0.053185 0.014149 0.026573 0.025452 0.013869 0.008162 0.005747 0.001421 0.000562 9.04e-05 0.000116 0
 0.0002 0.120162 0.454616 0.305986 0.030152 0.013916 0.019279 0.022363 0.017396 0.008572 0.003956 0.002706 0.000697 0 0
 0.037672 0.247673 0.331098 0.239905 0.086129 0.019158 0.00703 0.010141 0.008111 0.006514 0.00336 0.001667 0.001229 0.000245 6.78e-05
 0.012042 0.186306 0.308118 0.261359 0.15068 0.040795 0.011772 0.007098 0.008047 0.006471 0.004559 0.001741 0.000722 0.000221 6.92e-05
 0.0395 0.211525 0.280373 0.163648 0.152892 0.083939 0.021921 0.010012 0.013973 0.010706 0.006862 0.003069 0.001153 0.000206 0.000222
 0.004034 0.190932 0.339926 0.183116 0.104124 0.087117 0.034572 0.015525 0.008981 0.009877 0.010508 0.006561 0.003192 0.001036 0.0005
 0.000262 0.033202 0.465713 0.29335 0.104387 0.047308 0.023758 0.01361 0.007403 0.004299 0.003453 0.002115 0.000699 0.00029 0.000152
 0.00237 0.012649 0.08055 0.584991 0.210743 0.051754 0.017953 0.017973 0.010743 0.004531 0.002704 0.001587 0.000928 0.000344 0.00018
 0.002906 0.067965 0.090431 0.179378 0.468209 0.125093 0.023738 0.014167 0.011353 0.006362 0.004356 0.002808 0.002017 0.000997 0.000218
 0.001082 0.023623 0.045694 0.22207 0.253549 0.337247 0.069013 0.01834 0.012938 0.008067 0.00366 0.001299 0.00151 0.000861 0.001046
 0.001377 0.028742 0.198541 0.06341 0.190469 0.167426 0.23081 0.058574 0.019048 0.013449 0.012929 0.005553 0.004909 0.002088 0.002675
 0.001514 0.042154 0.045222 0.366847 0.104926 0.185293 0.108734 0.105004 0.029249 0.00744 0.001637 0.001264 0.000132 0.000583 0
 0 0.014353 0.080902 0.056279 0.299858 0.100715 0.088821 0.065742 0.179309 0.039207 0.028064 0.015557 0.020974 0.004421 0.005799
 0 0.004867 0.207078 0.192308 0.115004 0.248302 0.102527 0.047866 0.017872 0.044149 0.008324 0.004658 0.001715 0.002506 0.002825
 0 0.002671 0.030904 0.083527 0.252883 0.093473 0.320776 0.053997 0.058166 0.018176 0.07233 0.006102 0.002235 0.001436 0.003325
 0.000752 0.018901 0.032625 0.125708 0.114964 0.273633 0.074005 0.211015 0.037632 0.058368 0.005178 0.034402 0.004865 0.002677 0.005275
 676.621 111787 39904 86511.9 139156 152795 386167 51933.4 218379 21789.4 114990 13764.7 72642.4 17064.3 41916.7
 0 93539.9 674859 132755 79533.9 114217 134308 252161 100104 155077 54319.7 43079.2 12481.1 41848.3 32341.7
 164.919 8114.74 262722 1.14615e+06 102147 65827.8 63710.3 53256.5 91219.6 20486.7 32304.6 11696.4 12520.1 6667 16501
 1639.08 35979.6 56762.5 359649 1.06671e+06 175769 54462.4 20196.2 13365.8 20711.4 8554.22 9407.67 7030.43 3719.6 7589.24
 0 473.072 81344.2 151699 397469 761197 130590 32209.4 11078.1 8482.89 18227.2 5472.45 6315.59 1549.08 9046.84
 0 23237.8 56239.9 81804.7 166442 368500 475118 185612 31412.2 13429.9 8813.42 8561.38 4778.79 5306 5739.3
 2364.39 83568.5 37758.9 111673 478565 288300 251336 196723 61581.5 13563.2 6420.07 4976.86 3505.96 4768.99 11173.6
 617.056 51145.8 89811.8 71985.8 156917 686938 199049 128342 108710 29493.1 6326.47 5791.55 2868.19 3215.53 5483.29
 410.976 11594.8 294969 227749 105250 155675 473743 132714 57528.2 32891.6 3480.37 2229.44 738.789 388.986 1873.17
 0 17368.2 80172.8 423185 343030 105384 169067 359491 85963.9 29599.2 24372.6 5668.82 1550.79 808.137 1491.66
 0 3735.08 56752.9 162048 574754 405766 136069 129178 158270 57543.4 35104.2 16043.7 5866.49 2923.92 2127.91
 920.17 56708.8 111063 214793 284065 602179 267194 99315.8 87377.1 95564 34869.3 14461.4 12615.6 2774.66 1647.21
 0 17298.6 402201 320768 366794 305244 332057 157346 53033.4 40166.6 36510.1 23738.5 6950.09 3011.3 4000.46
 0 1131.76 90013.2 829602 479713 238170 168677 156876 64043.5 16920.1 18864 26114 10607.6 6637.73 7004.58
 0 3128.2 53749.2 391153 861813 489108 156439 67472.6 67084.8 33733.3 11246.6 10232.2 3410.22 1958.38 3553.43
 0 12188.2 84168.5 290121 622776 592209 279903 108900 49617.9 38353.7 16420 9613.08 9542.57 5124.14 7953.4
 1834.43 19475.6 57200.6 124241 374046 514742 306316 138972 50196.1 28038.4 23321.2 9435.19 6483.15 3424.54 12853.1
 0 26913 58603.7 78565.5 147696 307362 242252 149108 83280.2 22297 19102.3 14466 8561.93 2758.46 12678.8
 756.32 3388.84 151846 188837 73448.6 101992 126940 106863 85673.1 40671 26384.3 10548.5 8991.83 4141.6 15586.6
 2348.71 31374.4 31762.4 560104 222297 53702 44263.6 55814 49326.1 34655.3 13933.6 9053.48 5742.6 6256.57 7050.67
 923.87 14731.5 191627 117689 807607 283793 64059.2 39350.7 38264.7 40092.7 25315 13275.9 1724.54 4682.55 5719.59
 0 28278.4 120523 942652 173000 432751 138349 37855.3 17807.8 13400.2 15875.3 16008.1 8282.94 7969.21 3580.64
 3411.71 1709.41 70236.4 342181 944443 187941 154749 68491.7 20583.6 17703.9 13614.9 12413.9 9029.52 5861.32 7370.78
 0 42227.4 31344.4 170902 398997 751351 210358 88198.2 29098 9132.3 4790.48 4998.12 4259.71 2898.57 8887.45
 0 18705.9 634327 195409 228285 384806 509826 86987.5 42527.3 18550 2852.46 2670.94 3122.03 3426.99 1797.8
yrs_bts_data
 1982 1983 1984 1985 1986 1987 1988 1989 1990 1991 1992 1993 1994 1995 1996 1997 1998 1999 2000 2001 2002 2003 2004 2005 2006 2007 2008 2009 2010 2011 2012 2013 2014 2015 2016
yrs_eit_data
 1994 1996 1997 1999 2000 2002 2004 2006 2007 2008 2009 2010 2012 2014 2016
obs_bts_data
 2912.87 5921.38 4542.4 5949.85 4835.72 5498.43 7183.96 6550.41 7296.65 5129.54 4526.15 5294.82 5027.33 5477.84 3125.25 3562.16 2687.76 3798.47 5103.63 4196.85 4953.44 8392.26 3862.97 4868.62 3045.38 4338.22 3023.27 2282.41 3737.88 3112.31 3487.23 4575.4 7429.95 6394.36 4910.08
std_ob_bts_data
 366.651 499.144 464.16 418.009 478.096 610.658 747.659 604.704 959.543 640.563 513.351 470.34 527.058 1038.78 277.009 422.762 294.523 448.445 575.116 339.921 449.59 2033.05 357.189 451.533 283.799 447.325 345.552 277.023 429.271 282.8 343.686 366.207 484.925 402.369 449.028
wt_bts
 0.0331009 0.0666562 0.166706 0.349859 0.428903 0.668602 1.004 1.12829 1.20217 1.42047 1.59671 1.62424 1.78576 2.14171 2.67328
 0.0163555 0.105535 0.169336 0.360216 0.493699 0.575605 0.739416 1.06857 1.14498 1.01348 1.10016 1.14872 1.89794 1.10683 2.72965
 0.0168839 0.0634853 0.19272 0.35934 0.485339 0.615641 0.751301 1.01133 1.22004 1.36923 1.67879 1.65599 1.40001 1.46332 2.50463
 0.0214795 0.0832857 0.174162 0.397504 0.489486 0.628698 0.960266 1.0096 1.36507 1.06435 1.37764 1.77067 1.58075 2.18913 2.75332
 0.0174753 0.0835427 0.145419 0.358368 0.461682 0.642242 0.719801 0.843872 0.996334 1.35525 1.47198 1.47065 2.55804 2.12742 2.83326
 0.0238082 0.0881491 0.188452 0.35332 0.434169 0.529976 0.703009 0.795126 0.888001 0.985677 1.19359 1.36677 1.72361 2.05733 2.69983
 0.0205239 0.0807449 0.20989 0.35606 0.459989 0.521468 0.601747 0.760082 0.851376 0.992416 1.20079 1.20904 1.53403 1.05108 2.44352
 0.0213244 0.0709838 0.173639 0.370134 0.440786 0.533802 0.628037 0.683303 0.934553 0.928137 1.0483 1.06565 1.10783 1.13831 2.16702
 0.018647 0.0861753 0.155268 0.37663 0.502999 0.573065 0.618782 0.722447 0.795807 1.05091 1.10555 1.1284 1.10804 1.29402 2.29431
 0.018129 0.0846182 0.150779 0.364522 0.485706 0.579808 0.696497 0.7436 0.877432 0.917714 1.09547 1.20164 1.24058 1.39788 2.52463
 0.0293977 0.0932776 0.204827 0.372942 0.522327 0.623252 0.777588 0.844403 0.897454 0.987866 1.12319 1.24116 1.39035 1.35967 2.48359
 0.01759 0.0759621 0.253239 0.452903 0.503515 0.562561 0.664204 0.805826 0.977437 1.02608 1.14771 1.26359 1.39127 1.53877 2.50225
 0.021312 0.0812193 0.189872 0.473712 0.576309 0.638194 0.713081 0.96881 1.16983 1.12634 1.22564 1.32596 1.43173 1.49039 2.27883
 0.0190056 0.06411 0.114269 0.377276 0.484794 0.628588 0.65472 0.840168 0.966615 1.18128 1.16295 1.33011 1.39781 1.47904 2.2344
 0.0202962 0.0659033 0.116458 0.313454 0.496986 0.596229 0.733047 0.815007 0.971353 1.06178 1.30552 1.39511 1.46777 1.54877 2.15137
 0.0167219 0.0685753 0.208396 0.322455 0.499244 0.597602 0.788666 0.934217 0.964379 1.03458 1.16861 1.2949 1.27253 1.49438 2.08023
 0.0207769 0.0602266 0.133614 0.340608 0.477037 0.520075 0.678593 0.828827 0.910489 1.00952 1.07059 1.33086 1.39645 1.77046 2.17646
 0.017589 0.0623574 0.157038 0.357023 0.425321 0.561484 0.634272 0.77964 0.980835 1.01069 1.10134 1.2003 1.62664 1.76805 2.23203
 0.0159764 0.0593059 0.168348 0.376762 0.457878 0.530916 0.659495 0.708622 0.783875 0.956779 1.184 1.21362 1.35511 1.49321 2.21117
 0.0197505 0.0617871 0.128725 0.37355 0.535357 0.617633 0.773777 0.820596 0.854579 0.948046 1.10258 1.20096 1.4112 1.41739 1.91701
 0.0189746 0.0759845 0.223452 0.392544 0.533105 0.646183 0.809566 0.942741 0.896656 0.963268 1.04719 1.09419 1.20775 1.38876 1.95663
 0.0237522 0.0828472 0.23669 0.434996 0.567053 0.67246 0.73366 0.832176 0.884493 0.961304 0.990643 1.02898 1.03964 1.1417 2.21777
 0.0255185 0.0793778 0.209686 0.476299 0.55484 0.6796 0.765196 0.793279 0.941251 0.962616 1.05785 1.05191 1.1201 1.42629 2.42589
 0.0226244 0.0692296 0.213007 0.403441 0.516897 0.608794 0.702836 0.815651 0.887664 0.959924 1.07212 1.1122 1.12359 1.19548 1.99789
 0.0234156 0.072886 0.166044 0.363608 0.517501 0.607356 0.720909 0.806711 0.909563 1.0475 1.27417 1.20857 1.27903 1.25189 2.09826
 0.0211772 0.0793215 0.279545 0.421735 0.5472 0.671982 0.782308 0.843699 0.924545 1.09819 1.1315 1.1118 1.34074 1.30522 2.07141
 0.0243529 0.0541692 0.186069 0.416219 0.522908 0.642145 0.7555 0.859949 0.924213 1.07571 1.21656 1.20581 1.38607 1.58622 2.06444
 0.0199688 0.0781569 0.165215 0.407636 0.57156 0.669171 0.884058 1.009 0.954959 1.11883 1.19198 1.44018 1.43672 1.54047 1.92779
 0.0248134 0.0702979 0.236722 0.402367 0.549263 0.67926 0.893518 0.982131 1.03278 1.12332 1.16753 1.25763 1.44646 1.53454 2.20218
 0.0239511 0.0864486 0.168628 0.425135 0.539185 0.646725 0.933161 1.00618 1.10757 1.11352 1.2426 1.3042 1.43546 1.46341 2.11529
 0.0214008 0.0692834 0.203942 0.358159 0.533306 0.670746 0.807299 0.947959 1.21228 1.23704 1.32211 1.35994 1.41687 1.63988 2.07083
 0.0229592 0.0628317 0.166775 0.419922 0.491757 0.623368 0.833614 0.976262 1.07911 1.23483 1.31871 1.36553 1.46554 1.60777 2.12773
 0.0227696 0.0810391 0.162034 0.352905 0.473912 0.603933 0.657315 0.895465 0.986501 1.11455 1.40088 1.34981 1.38556 1.50533 2.04311
 0.0226639 0.0763707 0.206287 0.388882 0.574371 0.627038 0.805764 0.940941 1.04594 1.06551 1.30556 1.60991 1.41157 1.61146 2.22002
 0.0235606 0.0707733 0.198473 0.436322 0.506334 0.618931 0.698561 0.782162 0.844001 0.927961 1.10208 1.4851 1.36013 1.74062 2.21827
std_ot_bts
 1273.28 1128.23 739.227 1930.85 826.373 1125.63 1456.24 1136.25 1369.84 827.379 802.104 863.171 972.724 1809.11 458.018 981.649 578.149 833.795 1006.05 695.624 750.124 1863.12 498.721 697.377 427.326 668.514 430.898 415.076 707.027 452.594 610.801 625.302 792.417 705.378 700
oac_bts_data
 1287.16 3059.4 3356.05 4377.34 1505.29 206.112 142.939 68.1881 43.0571 26.992 16.6355 10.3142 3.61145 1.41855 1.38476
 5234.99 782.216 1755.7 3170.91 7134.01 2184.99 399.258 214.751 96.9074 83.7651 62.4972 22.1189 8.75878 7.44386 3.24328
 496.315 395.421 563.996 1633.19 2073.49 4889.79 935.478 208.037 96.979 34.4778 22.8494 8.94304 5.23912 6.42339 3.09386
 6146.09 1033.17 3976 1259.89 4145.26 2508.4 1708.75 336.42 85.486 70.6327 24.2428 7.85719 8.69807 1.03822 0.402608
 2819.66 693.953 515.204 1907.14 1153.51 1920.34 1679.75 1523.17 477.03 72.7016 33.5954 14.9763 1.33761 3.76767 1.3691
 439.529 793.76 1082.29 816.563 4955.82 1371.36 1313 518.627 1640.41 253.489 74.4573 29.2363 5.33136 2.50312 2.08402
 1655.34 855.164 1977.42 3751.52 1632.65 5298.34 1571.16 1190.96 686.734 1626.98 153.669 91.4349 18.758 24.7317 12.9268
 1050.53 346.929 672.24 2218.37 4980.91 988.957 3761.18 571.33 687.332 266.522 837.293 145.307 127.693 64.1574 89.5604
 2375.87 402.764 144.726 928.025 1853.25 6213.4 1247.07 3067.52 310.896 551.14 84.8429 791.933 69.1834 51.3032 69.3647
 3183.94 912.789 326.421 105.63 642.887 600.434 1985.91 746.65 1606.44 420.256 567.949 117.309 352.702 49.7174 44.586
 1636.89 460.679 2398.62 403.709 451.26 755.87 664.042 951.682 424.141 808.823 284.249 354.473 151.795 120.235 95.4524
 2912.39 432.858 968.775 4095.2 886.383 709.538 368.901 508.813 692.906 427.501 375.035 273.278 214.205 117.982 141.758
 1689.53 749.752 572.514 1630.65 4412.94 773.621 201.581 174.714 196.085 368.792 224.723 314.415 118.964 114.34 189.706
 2236.05 221.111 427.031 1995.04 2654.43 4322.55 1834.7 483.262 295.935 185.324 349.366 139.55 258.132 102.033 146.631
 1779.08 424.035 194.359 388.6 1070.95 1513.17 1385.87 471.992 117.861 126.526 85.6113 161.06 52.5274 95.1385 126.083
 2751.32 423.794 220.746 285.295 3407.8 1490.15 882.886 1066.18 181.247 91.7528 69.184 75.5812 123.434 39.8911 138.41
 757.751 663.717 347.985 249.003 486.372 2774.68 705.456 445.765 345.377 86.3377 38.6649 13.2515 29.9493 32.7429 77.0597
 1136.55 1043.96 968.046 1049.9 598.742 1069.23 2690.72 725.343 350.118 326.271 119.279 50.3653 19.9357 28.6835 97.8576
 1187.41 440.528 549.479 1861.29 1861.87 962.032 816.77 2674.14 1043.06 546.902 231.572 156.732 48.102 21.1519 92.1191
 1831.62 1056.6 571.315 546.262 1381.14 1444.34 620.983 308.115 917.97 658.963 251.815 201.396 79.7925 28.5181 77.2464
 835.763 425.638 876.964 1260.77 1308.5 1695.42 880.441 425.808 575.981 1081.5 539.109 238.566 140.354 42.4099 45.9403
 558.371 171.023 1044.73 1752.22 2078.34 1907.63 2554.93 1444.55 660.171 860.54 1751.99 758.217 285.638 148.207 108.327
 406.002 286.786 181.863 1371.64 1337.77 1017.78 598.472 648.236 320.576 200.468 199.83 360.752 153.551 37.2905 29.178
 448.491 167.786 266.157 1173.78 3328 2245.49 1175.84 535.332 407.089 299.585 80.6857 170.377 277.309 107.863 110.278
 877.636 80.5 124.617 408.103 1022.88 1298.58 831.113 399.762 228.319 196.587 94.6125 58.8136 85.1051 114.389 113.318
 2358.53 67.0942 168.713 483.171 1511.13 1768.03 1275.01 920.005 388.37 173.963 161.245 140.276 64.4436 80.3331 155.456
 528.362 129.915 108.255 198.247 564.939 1134.53 889.108 618.182 392.269 153.707 128.173 97.8554 44.4357 24.342 152.544
 799.602 221.23 462.5 498.222 290.191 421.014 569.446 444.916 323.39 156.96 103.563 33.9804 34.1663 17.8051 71.5126
 510.78 144.241 277.533 2985.27 1337.14 416.807 358.828 379.506 399.106 271.726 234.302 85.1302 51.0203 29.4666 63.4235
 1159.82 124.895 271.943 371.698 1859.31 909.794 266.688 151.419 236.869 235.639 197.488 150.931 63.7452 30.0794 80.2831
 1186.77 242.287 454.908 3255.91 760.975 1228.43 420.574 168.222 127.464 176.047 144.391 127.262 105.969 37.6519 67.2652
 1234.26 133.151 256.153 1007.8 5012.01 1162.45 724.535 254.154 86.0389 77.7416 102.154 76.8519 71.2183 38.9421 52.0086
 2260.7 612.254 281.233 368.68 1705.48 6257.1 3254.73 693.347 381.365 138.878 53.1309 74.9389 76.1902 35.6014 94.144
 1204.7 827.826 2331.81 586.422 1221.55 2275.81 4433.85 1292.93 306.255 146.724 19.0354 17.8973 30.7922 18.3032 39.1991
 768.289 483.945 695.033 3329.92 1365.06 922.022 1301.26 1919.1 376.848 147.833 49.3215 11.621 11.9542 4.15025 7.95843
std_ot_eit
 1756.21 886.36 956.993 2135.99 965.497 1466.77 1032.6 469.3 666.378 1459.29 1033.59 2461.36 1650.1 3236.31 3054.03
oac_eit_data
 452.855 3905.61 1127.23 1670.3 1908.49 293.253 69.3289 66.7717 30.0946 21.0614 6.39041 13.0099 2.98108 5.66384 9.4311
 972.336 446.397 520.371 2686.48 820.736 509.295 434.354 84.8689 16.7228 6.27494 5.69889 12.1451 1.30794 4.78318 3.46733
 12383.8 2742.75 385.329 490.91 1918.11 384.006 205.286 142.672 32.7358 3.88848 4.94553 2.01023 2.23296 2.29979 2.30643
 111.866 1587.61 3596.96 1683.59 582.566 273.946 1169.06 400.235 104.644 66.8737 14.4645 6.47155 1.67028 0 0.693254
 257.922 1272.33 1184.94 2480.02 899.714 243.889 233.993 725.124 190.428 84.694 35.6259 18.0776 1.16646 1.35511 0.468367
 561.314 4187.55 3841.04 1295.26 685.346 593.335 287.573 99.9915 131.714 237.878 117.876 48.1013 25.2 6.42568 3.15418
 15.7537 275.067 1188.8 2928.94 1444.34 417.027 202.494 192.769 67.998 34.6993 24.5999 19.8102 12.1427 5.79953 4.25074
 455.565 208.613 281.973 610.074 695.296 551.78 319.701 110.072 52.9891 40.3261 23.3214 16.2302 8.5639 9.89442 11.2579
 5588.54 1026.21 319.706 430.071 669.189 588.829 305.669 166.211 60.1981 18.7774 20.1778 5.73362 1.7041 2.10003 3.54267
 36.4815 2905.29 1031.61 144.388 106.867 170.176 132.378 70.6907 58.2177 14.9678 15.1485 6.92864 4.45513 1.92758 4.45668
 5127.67 797.398 1674.35 198.932 31.0567 33.9088 50.5133 37.5163 20.7939 15.822 5.54575 2.15949 0.515227 0.417685 0.78725
 2525.54 6395.2 973.476 2183.45 383.646 46.2969 6.22029 7.40018 6.78916 6.47934 5.99032 2.60866 1.93864 1.2954 2.24214
 66.8744 1963.09 1640.62 2444.13 202.639 246.072 63.6293 13.0807 8.33132 6.46025 6.56732 1.96544 2.49227 0.5926 0.731335
 4438.33 8614.89 941.275 1100.65 892.337 974.633 316.923 66.8927 21.4737 5.82763 2.74714 1.80665 2.78953 1.24501 1.74037
 227.511 1103.96 4409.36 4118.72 1037.37 361.078 385.818 434.71 81.8081 34.2223 10.8927 3.15833 3.09732 1.59992 2.82265
std_ot_eit
 1756.21 886.36 956.993 2135.99 965.497 1466.77 1032.6 469.3 666.378 1459.29 1033.59 2461.36 1650.1 3236.31 3054.03
obs_eit_data
 3640.11 2955.11 3590.7 4202.14 3613.94 4330.01 4016.18 1887.42 2288.07 1407.48 1323.06 2651.18 2298.94 4726.6 4817.5
std_ob_eit_data
 910.027 738.779 897.674 1050.54 903.485 1082.5 1004.04 471.855 572.018 351.87 330.765 662.794 574.735 1181.65 1204.38
wt_eit
 0.0280983 0.0889504 0.233834 0.387289 0.562235 0.632201 0.704352 0.848888 0.969022 1.13836 1.23182 1.44521 1.40386 1.35663 1.82259
 0.037774 0.0791807 0.228031 0.330858 0.482485 0.671084 0.828614 0.853917 0.971968 1.04654 1.21182 1.40649 1.17131 1.47078 1.5959
 0.0338021 0.13474 0.257568 0.384177 0.479309 0.611452 0.785806 0.979087 1.04596 1.14558 1.23957 1.71502 2.03376 1.67279 1.42311
 0.0294282 0.0986272 0.235584 0.380246 0.466445 0.599929 0.642847 0.696933 0.808573 0.934792 0.983716 1.11009 0.896257 1.61904 1.28967
 0.0315328 0.113173 0.240188 0.392893 0.543012 0.639747 0.712192 0.745851 0.782381 0.901469 1.09485 0.923575 1.07247 1.8921 1.41694
 0.0333278 0.133009 0.256049 0.396708 0.563822 0.679884 0.805021 0.936518 1.00647 1.03443 1.14294 1.09698 1.50818 1.4405 1.30902
 0.0234171 0.115008 0.276889 0.459929 0.569257 0.692991 0.767982 0.857368 0.913346 0.987011 1.02218 1.10497 1.04827 1.07025 1.34957
 0.0193808 0.10146 0.244145 0.378146 0.526992 0.652067 0.763604 0.846668 0.93352 0.971437 1.00115 1.14953 1.21169 1.28105 1.17992
 0.0184956 0.0871934 0.279247 0.437188 0.582489 0.686632 0.788236 0.871 0.9701 1.10271 1.10567 1.23695 1.23549 1.74946 1.23063
 0.0225536 0.0835334 0.213971 0.406608 0.575801 0.689063 0.805223 0.981971 0.96832 1.26256 1.24721 1.24665 1.38971 1.63803 1.24697
 0.02032 0.108501 0.241959 0.416451 0.646619 0.785333 0.950143 1.03062 1.06402 1.32836 1.32654 1.54704 1.55659 1.53682 1.74372
 0.0316891 0.117343 0.221258 0.441148 0.565233 0.721913 0.936799 1.33656 1.57448 1.62244 1.69253 1.89536 1.927 1.94145 1.96177
 0.0270621 0.0959196 0.196688 0.375679 0.532484 0.689809 0.83814 0.928383 1.2696 1.26711 1.32831 1.38774 1.46134 1.76474 1.75766
 0.0252254 0.134561 0.223625 0.394297 0.547276 0.694534 0.762828 0.997098 1.14201 1.26636 1.44411 1.711 1.90302 1.79456 1.77669
 0.0469963 0.111609 0.266407 0.479943 0.534955 0.626765 0.680996 0.777781 0.818899 0.932702 1.13968 0.810655 1.6656 1.63994 1.91479
bottom_temp
 0.80157 1.30878 0.887434 0.962802 0.660695 1.36387 0.937347 1.26377 1.03611 1.21835 0.770515 1.31696 0.565789 0.646255 1.44758 1.09525 1.476 0.149056 0.870974 1.0492 1.4319 1.62911 1.4676 1.49988 0.651584 0.644704 0.407247 0.439672 0.439672 0.439672 0.439672 0.439672 0.439672 0.439672 0.4
age_err
 0.994244 0.00575563 1.72e-14 0 0 0 0 0 0 0 0 0 0 0 0
 0.0175893 0.964821 0.0175893 1.32e-10 0 0 0 0 0 0 0 0 0 0 0
 3.02e-08 0.0354755 0.929049 0.0354755 3.02e-08 0 0 0 0 0 0 0 0 0 0
 1.38e-15 1.06e-06 0.0570151 0.885968 0.0570151 1.06e-06 0 0 0 0 0 0 0 0 0
 4e-23 1.07e-12 1.25e-05 0.0800111 0.839953 0.0800111 1.25e-05 1.07e-12 0 0 0 0 0 0 0
 2.6e-30 4.3e-19 1.28e-10 7.42e-05 0.102942 0.793967 0.102942 7.42e-05 1.28e-10 0 0 0 0 0 0
 5.84e-37 2.15e-25 4.21e-16 4.5e-09 0.000281265 0.124855 0.749727 0.124855 0.000281265 4.5e-09 0 0 0 0 0
 4.98e-43 2.22e-31 1.21e-21 8.05e-14 6.83e-08 0.000783758 0.145168 0.708096 0.145168 0.000783758 6.83e-08 8.05e-14 0 0 0
 1.53e-48 5.72e-37 4.96e-27 1.01e-18 4.86e-12 5.73e-07 0.00175627 0.163535 0.669415 0.163535 0.00175627 5.73e-07 4.86e-12 0 0
 1.53e-53 3.84e-42 3.73e-32 1.42e-23 2.12e-16 1.27e-10 3.13e-06 0.00335636 0.179774 0.633733 0.179774 0.00335636 3.13e-06 1.27e-10 0
 4.45e-58 6.52e-47 5.64e-37 2.88e-28 8.78e-21 1.6e-14 1.78e-09 1.24e-05 0.00569276 0.193828 0.600935 0.193828 0.00569276 1.24e-05 1.78e-09
 3.32e-62 2.65e-51 1.75e-41 9.64e-33 4.43e-25 1.71e-18 5.57e-13 1.56e-08 3.86e-05 0.00881111 0.205734 0.570832 0.205734 0.00881111 3.86e-05
 5.73e-66 2.39e-55 1.1e-45 5.57e-37 3.13e-29 1.95e-22 1.36e-16 1.06e-11 9.5e-08 9.93e-05 0.0126948 0.215603 0.543205 0.215603 0.0127942
 2.08e-69 4.47e-59 1.34e-49 5.65e-41 3.33e-33 2.76e-26 3.22e-20 5.34e-15 1.26e-10 4.33e-07 0.000220213 0.0172757 0.223589 0.517829 0.241086
 1.46e-72 1.62e-62 3.07e-53 9.94e-45 5.52e-37 5.26e-30 8.63e-24 2.44e-18 1.2e-13 1.03e-09 1.57e-06 0.000433888 0.0224485 0.229872 0.747244
nlbins
25
olc_fsh
 361 304 393 635 898 478 544 709 986 1389 2023 2860 4044 5795 7792 10559 27013 28513 24232 18246 13057 8849 5842 3766 6205
endyr_r
2016
endyr_est
2014
n_fsh_r
52
n_bts_r
35
n_eit_r
15
n_avo_r
10
n_selages_fsh
10
n_selages_bts
8
n_selages_eit
8
n_fsh_r
52
n_bts_r
35
n_eit_r
15
cov
 6.69095e+06 2.29051e+06 1.59763e+06 2.60764e+06 1.7601e+06 1.71497e+06 3.10385e+06 2.79709e+06 2.78302e+06 1.47724e+06 1.06462e+06 1.39404e+06 1.5377e+06 2.04393e+06 716031 1.29899e+06 776884 1.54549e+06 1.64002e+06 1.22716e+06 910113 2.30961e+06 832365 1.39432e+06 622546 1.24865e+06 558215 418619 866298 658832 940551 1.27399e+06 1.9224e+06 2.06235e+06 1.13368e+06
 2.29051e+06 6.57944e+06 1.66938e+06 3.43722e+06 2.2197e+06 1.99645e+06 3.73268e+06 3.06561e+06 2.94122e+06 1.71294e+06 1.36742e+06 1.52482e+06 1.87735e+06 2.43311e+06 898760 1.6689e+06 804055 1.76511e+06 1.9971e+06 1.34408e+06 1.33994e+06 2.02811e+06 948104 1.67083e+06 733082 1.55092e+06 702516 503168 1.12455e+06 801920 1.28182e+06 1.5445e+06 2.42842e+06 2.50936e+06 1.59995e+06
 1.59763e+06 1.66938e+06 2.58982e+06 1.93942e+06 1.32334e+06 1.04522e+06 2.22492e+06 1.63523e+06 1.67257e+06 1.03238e+06 697259 960576 1.05195e+06 1.14932e+06 499141 846455 409798 1.14741e+06 1.24028e+06 785982 823763 1.3848e+06 588867 864894 402764 816287 421388 305106 678585 424137 785755 884014 1.35369e+06 1.38309e+06 803259
 2.60764e+06 3.43722e+06 1.93942e+06 1.13643e+07 2.25486e+06 2.08113e+06 4.29419e+06 3.75329e+06 3.58796e+06 1.80016e+06 1.70299e+06 1.76239e+06 2.19875e+06 2.98143e+06 888842 2.17231e+06 865059 2.24275e+06 2.34049e+06 1.60943e+06 1.69516e+06 2.25147e+06 1.05577e+06 1.91581e+06 870476 1.86689e+06 875675 626990 1.34125e+06 847183 1.19714e+06 1.78219e+06 2.63926e+06 2.62509e+06 1.50288e+06
 1.7601e+06 2.2197e+06 1.32334e+06 2.25486e+06 3.36308e+06 1.54443e+06 2.66853e+06 2.2591e+06 2.07299e+06 1.08243e+06 975922 1.21677e+06 1.29461e+06 1.66058e+06 631385 1.14805e+06 538740 1.25439e+06 1.33581e+06 928833 993456 1.55344e+06 632596 1.16868e+06 539292 1.0177e+06 499508 359919 751578 520538 841323 997712 1.69815e+06 1.86116e+06 1.01826e+06
 1.71497e+06 1.99645e+06 1.04522e+06 2.08113e+06 1.54443e+06 6.04184e+06 2.89818e+06 2.22527e+06 1.86687e+06 1.22239e+06 1.10832e+06 1.04113e+06 1.23946e+06 1.37357e+06 690911 899416 492810 1.1166e+06 1.16677e+06 938398 904273 1.65948e+06 634504 1.1413e+06 438648 938057 485138 387675 697054 500412 811490 1.04592e+06 1.80334e+06 1.74795e+06 1.11705e+06
 3.10385e+06 3.73268e+06 2.22492e+06 4.29419e+06 2.66853e+06 2.89818e+06 1.42846e+07 3.68479e+06 3.72391e+06 2.37801e+06 1.56198e+06 2.43508e+06 2.49884e+06 3.73554e+06 1.1883e+06 2.25118e+06 1.20826e+06 2.32845e+06 2.53309e+06 1.81913e+06 2.23994e+06 2.86462e+06 1.3667e+06 2.1223e+06 938599 1.89359e+06 886034 655573 1.42168e+06 843960 1.43727e+06 1.83579e+06 3.15046e+06 3.09656e+06 2.00077e+06
 2.79709e+06 3.06561e+06 1.63523e+06 3.75329e+06 2.2591e+06 2.22527e+06 3.68479e+06 7.55583e+06 3.35844e+06 1.83147e+06 1.49353e+06 1.8611e+06 1.90498e+06 2.70715e+06 980263 1.75231e+06 882860 1.9087e+06 1.96946e+06 1.40489e+06 1.47335e+06 2.64122e+06 965627 1.79894e+06 849671 1.65184e+06 776311 556132 1.14647e+06 766831 1.26328e+06 1.67133e+06 2.76332e+06 2.47245e+06 1.62817e+06
 2.78302e+06 2.94122e+06 1.67257e+06 3.58796e+06 2.07299e+06 1.86687e+06 3.72391e+06 3.35844e+06 1.22162e+07 1.92134e+06 1.32626e+06 1.68268e+06 2.05017e+06 2.9015e+06 983477 1.82004e+06 996416 1.88177e+06 1.78664e+06 1.59436e+06 1.50386e+06 2.46255e+06 1.10563e+06 1.61396e+06 754108 1.48162e+06 621266 561055 1.15973e+06 777694 1.3051e+06 1.4714e+06 2.60835e+06 2.58148e+06 1.6193e+06
 1.47724e+06 1.71294e+06 1.03238e+06 1.80016e+06 1.08243e+06 1.22239e+06 2.37801e+06 1.83147e+06 1.92134e+06 3.08227e+06 771758 925207 1.21125e+06 1.54577e+06 585868 898483 468387 1.02994e+06 1.07851e+06 750420 876840 1.01787e+06 537248 1.00337e+06 399439 924690 416780 302565 663779 473126 581429 933010 1.46388e+06 1.43951e+06 828169
 1.06462e+06 1.36742e+06 697259 1.70299e+06 975922 1.10832e+06 1.56198e+06 1.49353e+06 1.32626e+06 771758 2.54452e+06 794445 747827 898436 457798 804203 348434 857617 930905 567788 661532 1.2324e+06 406151 691112 368582 717983 340176 245545 508695 395469 510747 718451 1.09662e+06 1.19393e+06 755433
 1.39404e+06 1.52482e+06 960576 1.76239e+06 1.21677e+06 1.04113e+06 2.43508e+06 1.8611e+06 1.68268e+06 925207 794445 2.82923e+06 1.01101e+06 1.53483e+06 539728 814476 463537 928390 960516 760705 937822 1.2619e+06 507602 943847 377073 952571 393914 302226 617641 392255 710845 801930 1.37102e+06 1.42058e+06 874068
 1.5377e+06 1.87735e+06 1.05195e+06 2.19875e+06 1.29461e+06 1.23946e+06 2.49884e+06 1.90498e+06 2.05017e+06 1.21125e+06 747827 1.01101e+06 4.39453e+06 1.706e+06 535217 1.0244e+06 396865 1.12634e+06 1.1867e+06 776508 805484 1.65345e+06 662183 1.03729e+06 460774 905257 461929 310525 730628 430280 723698 1.01053e+06 1.58592e+06 1.58943e+06 833225
 2.04393e+06 2.43311e+06 1.14932e+06 2.98143e+06 1.66058e+06 1.37357e+06 3.73554e+06 2.70715e+06 2.9015e+06 1.54577e+06 898436 1.53483e+06 1.706e+06 1.66166e+07 630591 1.54952e+06 820717 1.40727e+06 1.3392e+06 1.02308e+06 1.5022e+06 1.77456e+06 873949 1.24124e+06 619325 1.25011e+06 669166 429187 797485 750098 807967 1.17967e+06 2.15638e+06 2.00141e+06 1.26107e+06
 716031 898760 499141 888842 631385 690911 1.1883e+06 980263 983477 585868 457798 539728 535217 630591 750039 488803 273973 552401 520399 436078 464066 439893 290090 520578 209912 444052 222717 172376 375711 221254 368702 458898 732639 779140 433685
 1.29899e+06 1.6689e+06 846455 2.17231e+06 1.14805e+06 899416 2.25118e+06 1.75231e+06 1.82004e+06 898483 804203 814476 1.0244e+06 1.54952e+06 488803 3.94167e+06 557361 1.1372e+06 931237 735717 749719 1.11129e+06 461963 916117 405599 939708 329516 297056 594021 430596 767585 883676 1.33325e+06 1.38418e+06 732995
 776884 804055 409798 865059 538740 492810 1.20826e+06 882860 996416 468387 348434 463537 396865 820717 273973 557361 1.11964e+06 445047 550859 324084 402613 591700 239717 550159 227016 406330 206441 189073 335831 190402 317501 388280 660464 624601 364705
 1.54549e+06 1.76511e+06 1.14741e+06 2.24275e+06 1.25439e+06 1.1166e+06 2.32845e+06 1.9087e+06 1.88177e+06 1.02994e+06 857617 928390 1.12634e+06 1.40727e+06 552401 1.1372e+06 445047 3.2631e+06 1.21193e+06 751698 871488 891470 558545 983438 476985 889656 443471 335351 583859 417701 737147 1.02067e+06 1.28049e+06 1.50183e+06 947762
 1.64002e+06 1.9971e+06 1.24028e+06 2.34049e+06 1.33581e+06 1.16677e+06 2.53309e+06 1.96946e+06 1.78664e+06 1.07851e+06 930905 960516 1.1867e+06 1.3392e+06 520399 931237 550859 1.21193e+06 4.59055e+06 861206 875255 1.4673e+06 602497 891405 397820 927196 476134 307406 674537 448804 754137 971077 1.44595e+06 1.58914e+06 892313
 1.22716e+06 1.34408e+06 785982 1.60943e+06 928833 938398 1.81913e+06 1.40489e+06 1.59436e+06 750420 567788 760705 776508 1.02308e+06 436078 735717 324084 751698 861206 1.61157e+06 648465 868551 455612 740236 307035 695737 357986 252929 464743 338382 570479 637636 1.1186e+06 1.09949e+06 689694
 910113 1.33994e+06 823763 1.69516e+06 993456 904273 2.23994e+06 1.47335e+06 1.50386e+06 876840 661532 937822 805484 1.5022e+06 464066 749719 402613 871488 875255 648465 2.43434e+06 1.11415e+06 426094 847485 308003 682750 400759 248522 515824 424965 616910 692041 1.23814e+06 1.30389e+06 665184
